11000000100001000
11011000100001000
11010000100001000
11011000100001000
11100000100001000
11111000100001000
11110000100001000
11111000100001000
11001000100001000
11011000100001000
11011000100001000
11011000100001000
11101000100001000
11111000100001000
11111000100001000
11111000100001000
11001100100001000
11011100100001000
11011100100001000
11011100100001000
11101100100001000
11111100100001000
11111100100001000
11111100100001000
11001100100001000
11011100100001000
11011100100001000
11011100100001000
11101100100001000
11111100100001000
11111100100001000
11111100100001000
11000011100001000
11011011100001000
11010011100001000
11011011100001000
11100011100001000
11111011100001000
11110011100001000
11111011100001000
11001011100001000
11011011100001000
11011011100001000
11011011100001000
11101011100001000
11111011100001000
11111011100001000
11111011100001000
11001111100001000
11011111100001000
11011111100001000
11011111100001000
11101111100001000
11111111100001000
11111111100001000
11111111100001000
11001111100001000
11011111100001000
11011111100001000
11011111100001000
11101111100001000
11111111100001000
11111111100001000
11111111100001000
11000000000001000
11011000000001000
11010000000001000
11011000000001000
11100000000001000
11111000000001000
11110000000001000
11111000000001000
11001000000001000
11011000000001000
11011000000001000
11011000000001000
11101000000001000
11111000000001000
11111000000001000
11111000000001000
11001100000001000
11011100000001000
11011100000001000
11011100000001000
11101100000001000
11111100000001000
11111100000001000
11111100000001000
11001100000001000
11011100000001000
11011100000001000
11011100000001000
11101100000001000
11111100000001000
11111100000001000
11111100000001000
11000011000001000
11011011000001000
11010011000001000
11011011000001000
11100011000001000
11111011000001000
11110011000001000
11111011000001000
11001011000001000
11011011000001000
11011011000001000
11011011000001000
11101011000001000
11111011000001000
11111011000001000
11111011000001000
11001111000001000
11011111000001000
11011111000001000
11011111000001000
11101111000001000
11111111000001000
11111111000001000
11111111000001000
11001111000001000
11011111000001000
11011111000001000
11011111000001000
11101111000001000
11111111000001000
11111111000001000
11111111000001000
11000001100001000
11011001100001000
11010001100001000
11011001100001000
11100001100001000
11111001100001000
11110001100001000
11111001100001000
11001001100001000
11011001100001000
11011001100001000
11011001100001000
11101001100001000
11111001100001000
11111001100001000
11111001100001000
11001101100001000
11011101100001000
11011101100001000
11011101100001000
11101101100001000
11111101100001000
11111101100001000
11111101100001000
11001101100001000
11011101100001000
11011101100001000
11011101100001000
11101101100001000
11111101100001000
11111101100001000
11111101100001000
11000011100001000
11011011100001000
11010011100001000
11011011100001000
11100011100001000
11111011100001000
11110011100001000
11111011100001000
11001011100001000
11011011100001000
11011011100001000
11011011100001000
11101011100001000
11111011100001000
11111011100001000
11111011100001000
11001111100001000
11011111100001000
11011111100001000
11011111100001000
11101111100001000
11111111100001000
11111111100001000
11111111100001000
11001111100001000
11011111100001000
11011111100001000
11011111100001000
11101111100001000
11111111100001000
11111111100001000
11111111100001000
11000001000001000
11011001000001000
11010001000001000
11011001000001000
11100001000001000
11111001000001000
11110001000001000
11111001000001000
11001001000001000
11011001000001000
11011001000001000
11011001000001000
11101001000001000
11111001000001000
11111001000001000
11111001000001000
11001101000001000
11011101000001000
11011101000001000
11011101000001000
11101101000001000
11111101000001000
11111101000001000
11111101000001000
11001101000001000
11011101000001000
11011101000001000
11011101000001000
11101101000001000
11111101000001000
11111101000001000
11111101000001000
11000011000001000
11011011000001000
11010011000001000
11011011000001000
11100011000001000
11111011000001000
11110011000001000
11111011000001000
11001011000001000
11011011000001000
11011011000001000
11011011000001000
11101011000001000
11111011000001000
11111011000001000
11111011000001000
11001111000001000
11011111000001000
11011111000001000
11011111000001000
11101111000001000
11111111000001000
11111111000001000
11111111000001000
11001111000001000
11011111000001000
11011111000001000
11011111000001000
11101111000001000
11111111000001000
11111111000001000
11111111000001000
11000000110001000
11011000110001000
11010000110001000
11011000110001000
11100000110001000
11111000110001000
11110000110001000
11111000110001000
11001000110001000
11011000110001000
11011000110001000
11011000110001000
11101000110001000
11111000110001000
11111000110001000
11111000110001000
11001100110001000
11011100110001000
11011100110001000
11011100110001000
11101100110001000
11111100110001000
11111100110001000
11111100110001000
11001100110001000
11011100110001000
11011100110001000
11011100110001000
11101100110001000
11111100110001000
11111100110001000
11111100110001000
11000011110001000
11011011110001000
11010011110001000
11011011110001000
11100011110001000
11111011110001000
11110011110001000
11111011110001000
11001011110001000
11011011110001000
11011011110001000
11011011110001000
11101011110001000
11111011110001000
11111011110001000
11111011110001000
11001111110001000
11011111110001000
11011111110001000
11011111110001000
11101111110001000
11111111110001000
11111111110001000
11111111110001000
11001111110001000
11011111110001000
11011111110001000
11011111110001000
11101111110001000
11111111110001000
11111111110001000
11111111110001000
11000000010001000
11011000010001000
11010000010001000
11011000010001000
11100000010001000
11111000010001000
11110000010001000
11111000010001000
11001000010001000
11011000010001000
11011000010001000
11011000010001000
11101000010001000
11111000010001000
11111000010001000
11111000010001000
11001100010001000
11011100010001000
11011100010001000
11011100010001000
11101100010001000
11111100010001000
11111100010001000
11111100010001000
11001100010001000
11011100010001000
11011100010001000
11011100010001000
11101100010001000
11111100010001000
11111100010001000
11111100010001000
11000011010001000
11011011010001000
11010011010001000
11011011010001000
11100011010001000
11111011010001000
11110011010001000
11111011010001000
11001011010001000
11011011010001000
11011011010001000
11011011010001000
11101011010001000
11111011010001000
11111011010001000
11111011010001000
11001111010001000
11011111010001000
11011111010001000
11011111010001000
11101111010001000
11111111010001000
11111111010001000
11111111010001000
11001111010001000
11011111010001000
11011111010001000
11011111010001000
11101111010001000
11111111010001000
11111111010001000
11111111010001000
11000001110001000
11011001110001000
11010001110001000
11011001110001000
11100001110001000
11111001110001000
11110001110001000
11111001110001000
11001001110001000
11011001110001000
11011001110001000
11011001110001000
11101001110001000
11111001110001000
11111001110001000
11111001110001000
11001101110001000
11011101110001000
11011101110001000
11011101110001000
11101101110001000
11111101110001000
11111101110001000
11111101110001000
11001101110001000
11011101110001000
11011101110001000
11011101110001000
11101101110001000
11111101110001000
11111101110001000
11111101110001000
11000011110001000
11011011110001000
11010011110001000
11011011110001000
11100011110001000
11111011110001000
11110011110001000
11111011110001000
11001011110001000
11011011110001000
11011011110001000
11011011110001000
11101011110001000
11111011110001000
11111011110001000
11111011110001000
11001111110001000
11011111110001000
11011111110001000
11011111110001000
11101111110001000
11111111110001000
11111111110001000
11111111110001000
11001111110001000
11011111110001000
11011111110001000
11011111110001000
11101111110001000
11111111110001000
11111111110001000
11111111110001000
11000001010001000
11011001010001000
11010001010001000
11011001010001000
11100001010001000
11111001010001000
11110001010001000
11111001010001000
11001001010001000
11011001010001000
11011001010001000
11011001010001000
11101001010001000
11111001010001000
11111001010001000
11111001010001000
11001101010001000
11011101010001000
11011101010001000
11011101010001000
11101101010001000
11111101010001000
11111101010001000
11111101010001000
11001101010001000
11011101010001000
11011101010001000
11011101010001000
11101101010001000
11111101010001000
11111101010001000
11111101010001000
11000011010001000
11011011010001000
11010011010001000
11011011010001000
11100011010001000
11111011010001000
11110011010001000
11111011010001000
11001011010001000
11011011010001000
11011011010001000
11011011010001000
11101011010001000
11111011010001000
11111011010001000
11111011010001000
11001111010001000
11011111010001000
11011111010001000
11011111010001000
11101111010001000
11111111010001000
11111111010001000
11111111010001000
11001111010001000
11011111010001000
11011111010001000
11011111010001000
11101111010001000
11111111010001000
11111111010001000
11111111010001000
11001000111001000
11011000111001000
11011000111001000
11011000111001000
11101000111001000
11111000111001000
11111000111001000
11111000111001000
11001000111001000
11011000111001000
11011000111001000
11011000111001000
11101000111001000
11111000111001000
11111000111001000
11111000111001000
11001100111001000
11011100111001000
11011100111001000
11011100111001000
11101100111001000
11111100111001000
11111100111001000
11111100111001000
11001100111001000
11011100111001000
11011100111001000
11011100111001000
11101100111001000
11111100111001000
11111100111001000
11111100111001000
11001011111001000
11011011111001000
11011011111001000
11011011111001000
11101011111001000
11111011111001000
11111011111001000
11111011111001000
11001011111001000
11011011111001000
11011011111001000
11011011111001000
11101011111001000
11111011111001000
11111011111001000
11111011111001000
11001111111001000
11011111111001000
11011111111001000
11011111111001000
11101111111001000
11111111111001000
11111111111001000
11111111111001000
11001111111001000
11011111111001000
11011111111001000
11011111111001000
11101111111001000
11111111111001000
11111111111001000
11111111111001000
11001000011001000
11011000011001000
11011000011001000
11011000011001000
11101000011001000
11111000011001000
11111000011001000
11111000011001000
11001000011001000
11011000011001000
11011000011001000
11011000011001000
11101000011001000
11111000011001000
11111000011001000
11111000011001000
11001100011001000
11011100011001000
11011100011001000
11011100011001000
11101100011001000
11111100011001000
11111100011001000
11111100011001000
11001100011001000
11011100011001000
11011100011001000
11011100011001000
11101100011001000
11111100011001000
11111100011001000
11111100011001000
11001011011001000
11011011011001000
11011011011001000
11011011011001000
11101011011001000
11111011011001000
11111011011001000
11111011011001000
11001011011001000
11011011011001000
11011011011001000
11011011011001000
11101011011001000
11111011011001000
11111011011001000
11111011011001000
11001111011001000
11011111011001000
11011111011001000
11011111011001000
11101111011001000
11111111011001000
11111111011001000
11111111011001000
11001111011001000
11011111011001000
11011111011001000
11011111011001000
11101111011001000
11111111011001000
11111111011001000
11111111011001000
11001001111001000
11011001111001000
11011001111001000
11011001111001000
11101001111001000
11111001111001000
11111001111001000
11111001111001000
11001001111001000
11011001111001000
11011001111001000
11011001111001000
11101001111001000
11111001111001000
11111001111001000
11111001111001000
11001101111001000
11011101111001000
11011101111001000
11011101111001000
11101101111001000
11111101111001000
11111101111001000
11111101111001000
11001101111001000
11011101111001000
11011101111001000
11011101111001000
11101101111001000
11111101111001000
11111101111001000
11111101111001000
11001011111001000
11011011111001000
11011011111001000
11011011111001000
11101011111001000
11111011111001000
11111011111001000
11111011111001000
11001011111001000
11011011111001000
11011011111001000
11011011111001000
11101011111001000
11111011111001000
11111011111001000
11111011111001000
11001111111001000
11011111111001000
11011111111001000
11011111111001000
11101111111001000
11111111111001000
11111111111001000
11111111111001000
11001111111001000
11011111111001000
11011111111001000
11011111111001000
11101111111001000
11111111111001000
11111111111001000
11111111111001000
11001001011001000
11011001011001000
11011001011001000
11011001011001000
11101001011001000
11111001011001000
11111001011001000
11111001011001000
11001001011001000
11011001011001000
11011001011001000
11011001011001000
11101001011001000
11111001011001000
11111001011001000
11111001011001000
11001101011001000
11011101011001000
11011101011001000
11011101011001000
11101101011001000
11111101011001000
11111101011001000
11111101011001000
11001101011001000
11011101011001000
11011101011001000
11011101011001000
11101101011001000
11111101011001000
11111101011001000
11111101011001000
11001011011001000
11011011011001000
11011011011001000
11011011011001000
11101011011001000
11111011011001000
11111011011001000
11111011011001000
11001011011001000
11011011011001000
11011011011001000
11011011011001000
11101011011001000
11111011011001000
11111011011001000
11111011011001000
11001111011001000
11011111011001000
11011111011001000
11011111011001000
11101111011001000
11111111011001000
11111111011001000
11111111011001000
11001111011001000
11011111011001000
11011111011001000
11011111011001000
11101111011001000
11111111011001000
11111111011001000
11111111011001000
11001000111001000
11011000111001000
11011000111001000
11011000111001000
11101000111001000
11111000111001000
11111000111001000
11111000111001000
11001000111001000
11011000111001000
11011000111001000
11011000111001000
11101000111001000
11111000111001000
11111000111001000
11111000111001000
11001100111001000
11011100111001000
11011100111001000
11011100111001000
11101100111001000
11111100111001000
11111100111001000
11111100111001000
11001100111001000
11011100111001000
11011100111001000
11011100111001000
11101100111001000
11111100111001000
11111100111001000
11111100111001000
11001011111001000
11011011111001000
11011011111001000
11011011111001000
11101011111001000
11111011111001000
11111011111001000
11111011111001000
11001011111001000
11011011111001000
11011011111001000
11011011111001000
11101011111001000
11111011111001000
11111011111001000
11111011111001000
11001111111001000
11011111111001000
11011111111001000
11011111111001000
11101111111001000
11111111111001000
11111111111001000
11111111111001000
11001111111001000
11011111111001000
11011111111001000
11011111111001000
11101111111001000
11111111111001000
11111111111001000
11111111111001000
11001000011001000
11011000011001000
11011000011001000
11011000011001000
11101000011001000
11111000011001000
11111000011001000
11111000011001000
11001000011001000
11011000011001000
11011000011001000
11011000011001000
11101000011001000
11111000011001000
11111000011001000
11111000011001000
11001100011001000
11011100011001000
11011100011001000
11011100011001000
11101100011001000
11111100011001000
11111100011001000
11111100011001000
11001100011001000
11011100011001000
11011100011001000
11011100011001000
11101100011001000
11111100011001000
11111100011001000
11111100011001000
11001011011001000
11011011011001000
11011011011001000
11011011011001000
11101011011001000
11111011011001000
11111011011001000
11111011011001000
11001011011001000
11011011011001000
11011011011001000
11011011011001000
11101011011001000
11111011011001000
11111011011001000
11111011011001000
11001111011001000
11011111011001000
11011111011001000
11011111011001000
11101111011001000
11111111011001000
11111111011001000
11111111011001000
11001111011001000
11011111011001000
11011111011001000
11011111011001000
11101111011001000
11111111011001000
11111111011001000
11111111011001000
11001001111001000
11011001111001000
11011001111001000
11011001111001000
11101001111001000
11111001111001000
11111001111001000
11111001111001000
11001001111001000
11011001111001000
11011001111001000
11011001111001000
11101001111001000
11111001111001000
11111001111001000
11111001111001000
11001101111001000
11011101111001000
11011101111001000
11011101111001000
11101101111001000
11111101111001000
11111101111001000
11111101111001000
11001101111001000
11011101111001000
11011101111001000
11011101111001000
11101101111001000
11111101111001000
11111101111001000
11111101111001000
11001011111001000
11011011111001000
11011011111001000
11011011111001000
11101011111001000
11111011111001000
11111011111001000
11111011111001000
11001011111001000
11011011111001000
11011011111001000
11011011111001000
11101011111001000
11111011111001000
11111011111001000
11111011111001000
11001111111001000
11011111111001000
11011111111001000
11011111111001000
11101111111001000
11111111111001000
11111111111001000
11111111111001000
11001111111001000
11011111111001000
11011111111001000
11011111111001000
11101111111001000
11111111111001000
11111111111001000
11111111111001000
11001001011001000
11011001011001000
11011001011001000
11011001011001000
11101001011001000
11111001011001000
11111001011001000
11111001011001000
11001001011001000
11011001011001000
11011001011001000
11011001011001000
11101001011001000
11111001011001000
11111001011001000
11111001011001000
11001101011001000
11011101011001000
11011101011001000
11011101011001000
11101101011001000
11111101011001000
11111101011001000
11111101011001000
11001101011001000
11011101011001000
11011101011001000
11011101011001000
11101101011001000
11111101011001000
11111101011001000
11111101011001000
11001011011001000
11011011011001000
11011011011001000
11011011011001000
11101011011001000
11111011011001000
11111011011001000
11111011011001000
11001011011001000
11011011011001000
11011011011001000
11011011011001000
11101011011001000
11111011011001000
11111011011001000
11111011011001000
11001111011001000
11011111011001000
11011111011001000
11011111011001000
11101111011001000
11111111011001000
11111111011001000
11111111011001000
11001111011001000
11011111011001000
11011111011001000
11011111011001000
11101111011001000
11111111011001000
11111111011001000
11111111011001000
11000001110101000
11011001110101000
11010001110101000
11011001110101000
11100001110101000
11111001110101000
11110001110101000
11111001110101000
11001001110101000
11011001110101000
11011001110101000
11011001110101000
11101001110101000
11111001110101000
11111001110101000
11111001110101000
11001101110101000
11011101110101000
11011101110101000
11011101110101000
11101101110101000
11111101110101000
11111101110101000
11111101110101000
11001101110101000
11011101110101000
11011101110101000
11011101110101000
11101101110101000
11111101110101000
11111101110101000
11111101110101000
11000011110101000
11011011110101000
11010011110101000
11011011110101000
11100011110101000
11111011110101000
11110011110101000
11111011110101000
11001011110101000
11011011110101000
11011011110101000
11011011110101000
11101011110101000
11111011110101000
11111011110101000
11111011110101000
11001111110101000
11011111110101000
11011111110101000
11011111110101000
11101111110101000
11111111110101000
11111111110101000
11111111110101000
11001111110101000
11011111110101000
11011111110101000
11011111110101000
11101111110101000
11111111110101000
11111111110101000
11111111110101000
11000001010101000
11011001010101000
11010001010101000
11011001010101000
11100001010101000
11111001010101000
11110001010101000
11111001010101000
11001001010101000
11011001010101000
11011001010101000
11011001010101000
11101001010101000
11111001010101000
11111001010101000
11111001010101000
11001101010101000
11011101010101000
11011101010101000
11011101010101000
11101101010101000
11111101010101000
11111101010101000
11111101010101000
11001101010101000
11011101010101000
11011101010101000
11011101010101000
11101101010101000
11111101010101000
11111101010101000
11111101010101000
11000011010101000
11011011010101000
11010011010101000
11011011010101000
11100011010101000
11111011010101000
11110011010101000
11111011010101000
11001011010101000
11011011010101000
11011011010101000
11011011010101000
11101011010101000
11111011010101000
11111011010101000
11111011010101000
11001111010101000
11011111010101000
11011111010101000
11011111010101000
11101111010101000
11111111010101000
11111111010101000
11111111010101000
11001111010101000
11011111010101000
11011111010101000
11011111010101000
11101111010101000
11111111010101000
11111111010101000
11111111010101000
11000001110101000
11011001110101000
11010001110101000
11011001110101000
11100001110101000
11111001110101000
11110001110101000
11111001110101000
11001001110101000
11011001110101000
11011001110101000
11011001110101000
11101001110101000
11111001110101000
11111001110101000
11111001110101000
11001101110101000
11011101110101000
11011101110101000
11011101110101000
11101101110101000
11111101110101000
11111101110101000
11111101110101000
11001101110101000
11011101110101000
11011101110101000
11011101110101000
11101101110101000
11111101110101000
11111101110101000
11111101110101000
11000011110101000
11011011110101000
11010011110101000
11011011110101000
11100011110101000
11111011110101000
11110011110101000
11111011110101000
11001011110101000
11011011110101000
11011011110101000
11011011110101000
11101011110101000
11111011110101000
11111011110101000
11111011110101000
11001111110101000
11011111110101000
11011111110101000
11011111110101000
11101111110101000
11111111110101000
11111111110101000
11111111110101000
11001111110101000
11011111110101000
11011111110101000
11011111110101000
11101111110101000
11111111110101000
11111111110101000
11111111110101000
11000001010101000
11011001010101000
11010001010101000
11011001010101000
11100001010101000
11111001010101000
11110001010101000
11111001010101000
11001001010101000
11011001010101000
11011001010101000
11011001010101000
11101001010101000
11111001010101000
11111001010101000
11111001010101000
11001101010101000
11011101010101000
11011101010101000
11011101010101000
11101101010101000
11111101010101000
11111101010101000
11111101010101000
11001101010101000
11011101010101000
11011101010101000
11011101010101000
11101101010101000
11111101010101000
11111101010101000
11111101010101000
11000011010101000
11011011010101000
11010011010101000
11011011010101000
11100011010101000
11111011010101000
11110011010101000
11111011010101000
11001011010101000
11011011010101000
11011011010101000
11011011010101000
11101011010101000
11111011010101000
11111011010101000
11111011010101000
11001111010101000
11011111010101000
11011111010101000
11011111010101000
11101111010101000
11111111010101000
11111111010101000
11111111010101000
11001111010101000
11011111010101000
11011111010101000
11011111010101000
11101111010101000
11111111010101000
11111111010101000
11111111010101000
11000001110101000
11011001110101000
11010001110101000
11011001110101000
11100001110101000
11111001110101000
11110001110101000
11111001110101000
11001001110101000
11011001110101000
11011001110101000
11011001110101000
11101001110101000
11111001110101000
11111001110101000
11111001110101000
11001101110101000
11011101110101000
11011101110101000
11011101110101000
11101101110101000
11111101110101000
11111101110101000
11111101110101000
11001101110101000
11011101110101000
11011101110101000
11011101110101000
11101101110101000
11111101110101000
11111101110101000
11111101110101000
11000011110101000
11011011110101000
11010011110101000
11011011110101000
11100011110101000
11111011110101000
11110011110101000
11111011110101000
11001011110101000
11011011110101000
11011011110101000
11011011110101000
11101011110101000
11111011110101000
11111011110101000
11111011110101000
11001111110101000
11011111110101000
11011111110101000
11011111110101000
11101111110101000
11111111110101000
11111111110101000
11111111110101000
11001111110101000
11011111110101000
11011111110101000
11011111110101000
11101111110101000
11111111110101000
11111111110101000
11111111110101000
11000001010101000
11011001010101000
11010001010101000
11011001010101000
11100001010101000
11111001010101000
11110001010101000
11111001010101000
11001001010101000
11011001010101000
11011001010101000
11011001010101000
11101001010101000
11111001010101000
11111001010101000
11111001010101000
11001101010101000
11011101010101000
11011101010101000
11011101010101000
11101101010101000
11111101010101000
11111101010101000
11111101010101000
11001101010101000
11011101010101000
11011101010101000
11011101010101000
11101101010101000
11111101010101000
11111101010101000
11111101010101000
11000011010101000
11011011010101000
11010011010101000
11011011010101000
11100011010101000
11111011010101000
11110011010101000
11111011010101000
11001011010101000
11011011010101000
11011011010101000
11011011010101000
11101011010101000
11111011010101000
11111011010101000
11111011010101000
11001111010101000
11011111010101000
11011111010101000
11011111010101000
11101111010101000
11111111010101000
11111111010101000
11111111010101000
11001111010101000
11011111010101000
11011111010101000
11011111010101000
11101111010101000
11111111010101000
11111111010101000
11111111010101000
11000001110101000
11011001110101000
11010001110101000
11011001110101000
11100001110101000
11111001110101000
11110001110101000
11111001110101000
11001001110101000
11011001110101000
11011001110101000
11011001110101000
11101001110101000
11111001110101000
11111001110101000
11111001110101000
11001101110101000
11011101110101000
11011101110101000
11011101110101000
11101101110101000
11111101110101000
11111101110101000
11111101110101000
11001101110101000
11011101110101000
11011101110101000
11011101110101000
11101101110101000
11111101110101000
11111101110101000
11111101110101000
11000011110101000
11011011110101000
11010011110101000
11011011110101000
11100011110101000
11111011110101000
11110011110101000
11111011110101000
11001011110101000
11011011110101000
11011011110101000
11011011110101000
11101011110101000
11111011110101000
11111011110101000
11111011110101000
11001111110101000
11011111110101000
11011111110101000
11011111110101000
11101111110101000
11111111110101000
11111111110101000
11111111110101000
11001111110101000
11011111110101000
11011111110101000
11011111110101000
11101111110101000
11111111110101000
11111111110101000
11111111110101000
11000001010101000
11011001010101000
11010001010101000
11011001010101000
11100001010101000
11111001010101000
11110001010101000
11111001010101000
11001001010101000
11011001010101000
11011001010101000
11011001010101000
11101001010101000
11111001010101000
11111001010101000
11111001010101000
11001101010101000
11011101010101000
11011101010101000
11011101010101000
11101101010101000
11111101010101000
11111101010101000
11111101010101000
11001101010101000
11011101010101000
11011101010101000
11011101010101000
11101101010101000
11111101010101000
11111101010101000
11111101010101000
11000011010101000
11011011010101000
11010011010101000
11011011010101000
11100011010101000
11111011010101000
11110011010101000
11111011010101000
11001011010101000
11011011010101000
11011011010101000
11011011010101000
11101011010101000
11111011010101000
11111011010101000
11111011010101000
11001111010101000
11011111010101000
11011111010101000
11011111010101000
11101111010101000
11111111010101000
11111111010101000
11111111010101000
11001111010101000
11011111010101000
11011111010101000
11011111010101000
11101111010101000
11111111010101000
11111111010101000
11111111010101000
11001001111101000
11011001111101000
11011001111101000
11011001111101000
11101001111101000
11111001111101000
11111001111101000
11111001111101000
11001001111101000
11011001111101000
11011001111101000
11011001111101000
11101001111101000
11111001111101000
11111001111101000
11111001111101000
11001101111101000
11011101111101000
11011101111101000
11011101111101000
11101101111101000
11111101111101000
11111101111101000
11111101111101000
11001101111101000
11011101111101000
11011101111101000
11011101111101000
11101101111101000
11111101111101000
11111101111101000
11111101111101000
11001011111101000
11011011111101000
11011011111101000
11011011111101000
11101011111101000
11111011111101000
11111011111101000
11111011111101000
11001011111101000
11011011111101000
11011011111101000
11011011111101000
11101011111101000
11111011111101000
11111011111101000
11111011111101000
11001111111101000
11011111111101000
11011111111101000
11011111111101000
11101111111101000
11111111111101000
11111111111101000
11111111111101000
11001111111101000
11011111111101000
11011111111101000
11011111111101000
11101111111101000
11111111111101000
11111111111101000
11111111111101000
11001001011101000
11011001011101000
11011001011101000
11011001011101000
11101001011101000
11111001011101000
11111001011101000
11111001011101000
11001001011101000
11011001011101000
11011001011101000
11011001011101000
11101001011101000
11111001011101000
11111001011101000
11111001011101000
11001101011101000
11011101011101000
11011101011101000
11011101011101000
11101101011101000
11111101011101000
11111101011101000
11111101011101000
11001101011101000
11011101011101000
11011101011101000
11011101011101000
11101101011101000
11111101011101000
11111101011101000
11111101011101000
11001011011101000
11011011011101000
11011011011101000
11011011011101000
11101011011101000
11111011011101000
11111011011101000
11111011011101000
11001011011101000
11011011011101000
11011011011101000
11011011011101000
11101011011101000
11111011011101000
11111011011101000
11111011011101000
11001111011101000
11011111011101000
11011111011101000
11011111011101000
11101111011101000
11111111011101000
11111111011101000
11111111011101000
11001111011101000
11011111011101000
11011111011101000
11011111011101000
11101111011101000
11111111011101000
11111111011101000
11111111011101000
11001001111101000
11011001111101000
11011001111101000
11011001111101000
11101001111101000
11111001111101000
11111001111101000
11111001111101000
11001001111101000
11011001111101000
11011001111101000
11011001111101000
11101001111101000
11111001111101000
11111001111101000
11111001111101000
11001101111101000
11011101111101000
11011101111101000
11011101111101000
11101101111101000
11111101111101000
11111101111101000
11111101111101000
11001101111101000
11011101111101000
11011101111101000
11011101111101000
11101101111101000
11111101111101000
11111101111101000
11111101111101000
11001011111101000
11011011111101000
11011011111101000
11011011111101000
11101011111101000
11111011111101000
11111011111101000
11111011111101000
11001011111101000
11011011111101000
11011011111101000
11011011111101000
11101011111101000
11111011111101000
11111011111101000
11111011111101000
11001111111101000
11011111111101000
11011111111101000
11011111111101000
11101111111101000
11111111111101000
11111111111101000
11111111111101000
11001111111101000
11011111111101000
11011111111101000
11011111111101000
11101111111101000
11111111111101000
11111111111101000
11111111111101000
11001001011101000
11011001011101000
11011001011101000
11011001011101000
11101001011101000
11111001011101000
11111001011101000
11111001011101000
11001001011101000
11011001011101000
11011001011101000
11011001011101000
11101001011101000
11111001011101000
11111001011101000
11111001011101000
11001101011101000
11011101011101000
11011101011101000
11011101011101000
11101101011101000
11111101011101000
11111101011101000
11111101011101000
11001101011101000
11011101011101000
11011101011101000
11011101011101000
11101101011101000
11111101011101000
11111101011101000
11111101011101000
11001011011101000
11011011011101000
11011011011101000
11011011011101000
11101011011101000
11111011011101000
11111011011101000
11111011011101000
11001011011101000
11011011011101000
11011011011101000
11011011011101000
11101011011101000
11111011011101000
11111011011101000
11111011011101000
11001111011101000
11011111011101000
11011111011101000
11011111011101000
11101111011101000
11111111011101000
11111111011101000
11111111011101000
11001111011101000
11011111011101000
11011111011101000
11011111011101000
11101111011101000
11111111011101000
11111111011101000
11111111011101000
11001001111101000
11011001111101000
11011001111101000
11011001111101000
11101001111101000
11111001111101000
11111001111101000
11111001111101000
11001001111101000
11011001111101000
11011001111101000
11011001111101000
11101001111101000
11111001111101000
11111001111101000
11111001111101000
11001101111101000
11011101111101000
11011101111101000
11011101111101000
11101101111101000
11111101111101000
11111101111101000
11111101111101000
11001101111101000
11011101111101000
11011101111101000
11011101111101000
11101101111101000
11111101111101000
11111101111101000
11111101111101000
11001011111101000
11011011111101000
11011011111101000
11011011111101000
11101011111101000
11111011111101000
11111011111101000
11111011111101000
11001011111101000
11011011111101000
11011011111101000
11011011111101000
11101011111101000
11111011111101000
11111011111101000
11111011111101000
11001111111101000
11011111111101000
11011111111101000
11011111111101000
11101111111101000
11111111111101000
11111111111101000
11111111111101000
11001111111101000
11011111111101000
11011111111101000
11011111111101000
11101111111101000
11111111111101000
11111111111101000
11111111111101000
11001001011101000
11011001011101000
11011001011101000
11011001011101000
11101001011101000
11111001011101000
11111001011101000
11111001011101000
11001001011101000
11011001011101000
11011001011101000
11011001011101000
11101001011101000
11111001011101000
11111001011101000
11111000110011000
11001000110011000
11011000110011000
11011000110011000
11011000110011000
11101000110011000
11111000110011000
11111000110011000
11111000110011000
11001100110011000
11011100110011000
11011100110011000
11011100110011000
11101100110011000
11111100110011000
11111100110011000
11111100110011000
11001100110011000
11011100110011000
11011100110011000
11011100110011000
11101100110011000
11111100110011000
11111100110011000
11111100110011000
11000011110011000
11011011110011000
11010011110011000
11011011110011000
11100011110011000
11111011110011000
11110011110011000
11111011110011000
11001011110011000
11011011110011000
11011011110011000
11011011110011000
11101011110011000
11111011110011000
11111011110011000
11111011110011000
11001111110011000
11011111110011000
11011111110011000
11011111110011000
11101111110011000
11111111110011000
11111111110011000
11111111110011000
11001111110011000
11011111110011000
11011111110011000
11011111110011000
11101111110011000
11111111110011000
11111111110011000
11111111110011000
11000000010011000
11011000010011000
11010000010011000
11011000010011000
11100000010011000
11111000010011000
11110000010011000
11111000010011000
11001000010011000
11011000010011000
11011000010011000
11011000010011000
11101000010011000
11111000010011000
11111000010011000
11111000010011000
11001100010011000
11011100010011000
11011100010011000
11011100010011000
11101100010011000
11111100010011000
11111100010011000
11111100010011000
11001100010011000
11011100010011000
11011100010011000
11011100010011000
11101100010011000
11111100010011000
11111100010011000
11111100010011000
11000011010011000
11011011010011000
11010011010011000
11011011010011000
11100011010011000
11111011010011000
11110011010011000
11111011010011000
11001011010011000
11011011010011000
11011011010011000
11011011010011000
11101011010011000
11111011010011000
11111011010011000
11111011010011000
11001111010011000
11011111010011000
11011111010011000
11011111010011000
11101111010011000
11111111010011000
11111111010011000
11111111010011000
11001111010011000
11011111010011000
11011111010011000
11011111010011000
11101111010011000
11111111010011000
11111111010011000
11111111010011000
11000001110011000
11011001110011000
11010001110011000
11011001110011000
11100001110011000
11111001110011000
11110001110011000
11111001110011000
11001001110011000
11011001110011000
11011001110011000
11011001110011000
11101001110011000
11111001110011000
11111001110011000
11111001110011000
11001101110011000
11011101110011000
11011101110011000
11011101110011000
11101101110011000
11111101110011000
11111101110011000
11111101110011000
11001101110011000
11011101110011000
11011101110011000
11011101110011000
11101101110011000
11111101110011000
11111101110011000
11111101110011000
11000011110011000
11011011110011000
11010011110011000
11011011110011000
11100011110011000
11111011110011000
11110011110011000
11111011110011000
11001011110011000
11011011110011000
11011011110011000
11011011110011000
11101011110011000
11111011110011000
11111011110011000
11111011110011000
11001111110011000
11011111110011000
11011111110011000
11011111110011000
11101111110011000
11111111110011000
11111111110011000
11111111110011000
11001111110011000
11011111110011000
11011111110011000
11011111110011000
11101111110011000
11111111110011000
11111111110011000
11111111110011000
11000001010011000
11011001010011000
11010001010011000
11011001010011000
11100001010011000
11111001010011000
11110001010011000
11111001010011000
11001001010011000
11011001010011000
11011001010011000
11011001010011000
11101001010011000
11111001010011000
11111001010011000
11111001010011000
11001101010011000
11011101010011000
11011101010011000
11011101010011000
11101101010011000
11111101010011000
11111101010011000
11111101010011000
11001101010011000
11011101010011000
11011101010011000
11011101010011000
11101101010011000
11111101010011000
11111101010011000
11111101010011000
11000011010011000
11011011010011000
11010011010011000
11011011010011000
11100011010011000
11111011010011000
11110011010011000
11111011010011000
11001011010011000
11011011010011000
11011011010011000
11011011010011000
11101011010011000
11111011010011000
11111011010011000
11111011010011000
11001111010011000
11011111010011000
11011111010011000
11011111010011000
11101111010011000
11111111010011000
11111111010011000
11111111010011000
11001111010011000
11011111010011000
11011111010011000
11011111010011000
11101111010011000
11111111010011000
11111111010011000
11111111010011000
11000000110011000
11011000110011000
11010000110011000
11011000110011000
11100000110011000
11111000110011000
11110000110011000
11111000110011000
11001000110011000
11011000110011000
11011000110011000
11011000110011000
11101000110011000
11111000110011000
11111000110011000
11111000110011000
11001100110011000
11011100110011000
11011100110011000
11011100110011000
11101100110011000
11111100110011000
11111100110011000
11111100110011000
11001100110011000
11011100110011000
11011100110011000
11011100110011000
11101100110011000
11111100110011000
11111100110011000
11111100110011000
11000011110011000
11011011110011000
11010011110011000
11011011110011000
11100011110011000
11111011110011000
11110011110011000
11111011110011000
11001011110011000
11011011110011000
11011011110011000
11011011110011000
11101011110011000
11111011110011000
11111011110011000
11111011110011000
11001111110011000
11011111110011000
11011111110011000
11011111110011000
11101111110011000
11111111110011000
11111111110011000
11111111110011000
11001111110011000
11011111110011000
11011111110011000
11011111110011000
11101111110011000
11111111110011000
11111111110011000
11111111110011000
11000000010011000
11011000010011000
11010000010011000
11011000010011000
11100000010011000
11111000010011000
11110000010011000
11111000010011000
11001000010011000
11011000010011000
11011000010011000
11011000010011000
11101000010011000
11111000010011000
11111000010011000
11111000010011000
11001100010011000
11011100010011000
11011100010011000
11011100010011000
11101100010011000
11111100010011000
11111100010011000
11111100010011000
11001100010011000
11011100010011000
11011100010011000
11011100010011000
11101100010011000
11111100010011000
11111100010011000
11111100010011000
11000011010011000
11011011010011000
11010011010011000
11011011010011000
11100011010011000
11111011010011000
11110011010011000
11111011010011000
11001011010011000
11011011010011000
11011011010011000
11011011010011000
11101011010011000
11111011010011000
11111011010011000
11111011010011000
11001111010011000
11011111010011000
11011111010011000
11011111010011000
11101111010011000
11111111010011000
11111111010011000
11111111010011000
11001111010011000
11011111010011000
11011111010011000
11011111010011000
11101111010011000
11111111010011000
11111111010011000
11111111010011000
11000001110011000
11011001110011000
11010001110011000
11011001110011000
11100001110011000
11111001110011000
11110001110011000
11111001110011000
11001001110011000
11011001110011000
11011001110011000
11011001110011000
11101001110011000
11111001110011000
11111001110011000
11111001110011000
11001101110011000
11011101110011000
11011101110011000
11011101110011000
11101101110011000
11111101110011000
11111101110011000
11111101110011000
11001101110011000
11011101110011000
11011101110011000
11011101110011000
11101101110011000
11111101110011000
11111101110011000
11111101110011000
11000011110011000
11011011110011000
11010011110011000
11011011110011000
11100011110011000
11111011110011000
11110011110011000
11111011110011000
11001011110011000
11011011110011000
11011011110011000
11011011110011000
11101011110011000
11111011110011000
11111011110011000
11111011110011000
11001111110011000
11011111110011000
11011111110011000
11011111110011000
11101111110011000
11111111110011000
11111111110011000
11111111110011000
11001111110011000
11011111110011000
11011111110011000
11011111110011000
11101111110011000
11111111110011000
11111111110011000
11111111110011000
11000001010011000
11011001010011000
11010001010011000
11011001010011000
11100001010011000
11111001010011000
11110001010011000
11111001010011000
11001001010011000
11011001010011000
11011001010011000
11011001010011000
11101001010011000
11111001010011000
11111001010011000
11111001010011000
11001101010011000
11011101010011000
11011101010011000
11011101010011000
11101101010011000
11111101010011000
11111101010011000
11111101010011000
11001101010011000
11011101010011000
11011101010011000
11011101010011000
11101101010011000
11111101010011000
11111101010011000
11111101010011000
11000011010011000
11011011010011000
11010011010011000
11011011010011000
11100011010011000
11111011010011000
11110011010011000
11111011010011000
11001011010011000
11011011010011000
11011011010011000
11011011010011000
11101011010011000
11111011010011000
11111011010011000
11111011010011000
11001111010011000
11011111010011000
11011111010011000
11011111010011000
11101111010011000
11111111010011000
11111111010011000
11111111010011000
11001111010011000
11011111010011000
11011111010011000
11011111010011000
11101111010011000
11111111010011000
11111111010011000
11111111010011000
11001000111011000
11011000111011000
11011000111011000
11011000111011000
11101000111011000
11111000111011000
11111000111011000
11111000111011000
11001000111011000
11011000111011000
11011000111011000
11011000111011000
11101000111011000
11111000111011000
11111000111011000
11111000111011000
11001100111011000
11011100111011000
11011100111011000
11011100111011000
11101100111011000
11111100111011000
11111100111011000
11111100111011000
11001100111011000
11011100111011000
11011100111011000
11011100111011000
11101100111011000
11111100111011000
11111100111011000
11111100111011000
11001011111011000
11011011111011000
11011011111011000
11011011111011000
11101011111011000
11111011111011000
11111011111011000
11111011111011000
11001011111011000
11011011111011000
11011011111011000
11011011111011000
11101011111011000
11111011111011000
11111011111011000
11111011111011000
11001111111011000
11011111111011000
11011111111011000
11011111111011000
11101111111011000
11111111111011000
11111111111011000
11111111111011000
11001111111011000
11011111111011000
11011111111011000
11011111111011000
11101111111011000
11111111111011000
11111111111011000
11111111111011000
11001000011011000
11011000011011000
11011000011011000
11011000011011000
11101000011011000
11111000011011000
11111000011011000
11111000011011000
11001000011011000
11011000011011000
11011000011011000
11011000011011000
11101000011011000
11111000011011000
11111000011011000
11111000011011000
11001100011011000
11011100011011000
11011100011011000
11011100011011000
11101100011011000
11111100011011000
11111100011011000
11111100011011000
11001100011011000
11011100011011000
11011100011011000
11011100011011000
11101100011011000
11111100011011000
11111100011011000
11111100011011000
11001011011011000
11011011011011000
11011011011011000
11011011011011000
11101011011011000
11111011011011000
11111011011011000
11111011011011000
11001011011011000
11011011011011000
11011011011011000
11011011011011000
11101011011011000
11111011011011000
11111011011011000
11111011011011000
11001111011011000
11011111011011000
11011111011011000
11011111011011000
11101111011011000
11111111011011000
11111111011011000
11111111011011000
11001111011011000
11011111011011000
11011111011011000
11011111011011000
11101111011011000
11111111011011000
11111111011011000
11111111011011000
11001001111011000
11011001111011000
11011001111011000
11011001111011000
11101001111011000
11111001111011000
11111001111011000
11111001111011000
11001001111011000
11011001111011000
11011001111011000
11011001111011000
11101001111011000
11111001111011000
11111001111011000
11111001111011000
11001101111011000
11011101111011000
11011101111011000
11011101111011000
11101101111011000
11111101111011000
11111101111011000
11111101111011000
11001101111011000
11011101111011000
11011101111011000
11011101111011000
11101101111011000
11111101111011000
11111101111011000
11111101111011000
11001011111011000
11011011111011000
11011011111011000
11011011111011000
11101011111011000
11111011111011000
11111011111011000
11111011111011000
11001011111011000
11011011111011000
11011011111011000
11011011111011000
11101011111011000
11111011111011000
11111011111011000
11111011111011000
11001111111011000
11011111111011000
11011111111011000
11011111111011000
11101111111011000
11111111111011000
11111111111011000
11111111111011000
11001111111011000
11011111111011000
11011111111011000
11011111111011000
11101111111011000
11111111111011000
11111111111011000
11111111111011000
11001001011011000
11011001011011000
11011001011011000
11011001011011000
11101001011011000
11111001011011000
11111001011011000
11111001011011000
11001001011011000
11011001011011000
11011001011011000
11011001011011000
11101001011011000
11111001011011000
11111001011011000
11111001011011000
11001101011011000
11011101011011000
11011101011011000
11011101011011000
11101101011011000
11111101011011000
11111101011011000
11111101011011000
